1.298200000000000000e+04
1.293200000000000000e+04
1.199900000000000000e+04
1.272100000000000000e+04
1.253300000000000000e+04
1.177400000000000000e+04
1.199100000000000000e+04
1.118300000000000000e+04
1.102000000000000000e+04
1.181300000000000000e+04
1.084800000000000000e+04
1.156100000000000000e+04
1.057400000000000000e+04
1.138600000000000000e+04
1.096800000000000000e+04
1.098900000000000000e+04
1.034600000000000000e+04
1.001800000000000000e+04
9.558000000000000000e+03
8.940000000000000000e+03
9.951000000000000000e+03
9.426000000000000000e+03
9.364000000000000000e+03
8.589000000000000000e+03
8.469000000000000000e+03
8.642000000000000000e+03
8.313000000000000000e+03
8.380000000000000000e+03
8.199000000000000000e+03
7.966000000000000000e+03
7.651000000000000000e+03
7.240000000000000000e+03
7.423000000000000000e+03
6.136000000000000000e+03
7.021000000000000000e+03
7.186000000000000000e+03
6.860000000000000000e+03
6.889000000000000000e+03
6.338000000000000000e+03
6.199000000000000000e+03
6.393000000000000000e+03
6.317000000000000000e+03
6.009000000000000000e+03
6.150000000000000000e+03
5.871000000000000000e+03
5.629000000000000000e+03
5.649000000000000000e+03
5.394000000000000000e+03
5.451000000000000000e+03
5.591000000000000000e+03
5.578000000000000000e+03
5.511000000000000000e+03
5.137000000000000000e+03
4.738000000000000000e+03
4.792000000000000000e+03
5.019000000000000000e+03
4.643000000000000000e+03
5.073000000000000000e+03
4.615000000000000000e+03
4.734000000000000000e+03
4.713000000000000000e+03
4.823000000000000000e+03
4.720000000000000000e+03
4.802000000000000000e+03
4.704000000000000000e+03
4.492000000000000000e+03
4.468000000000000000e+03
4.275000000000000000e+03
4.349000000000000000e+03
3.635000000000000000e+03
4.697000000000000000e+03
4.346000000000000000e+03
4.024000000000000000e+03
4.291000000000000000e+03
3.906000000000000000e+03
4.328000000000000000e+03
3.892000000000000000e+03
3.964000000000000000e+03
4.334000000000000000e+03
4.349000000000000000e+03
4.089000000000000000e+03
4.222000000000000000e+03
4.108000000000000000e+03
4.239000000000000000e+03
4.320000000000000000e+03
4.211000000000000000e+03
4.230000000000000000e+03
4.197000000000000000e+03
4.169000000000000000e+03
3.982000000000000000e+03
3.957000000000000000e+03
4.042000000000000000e+03
4.160000000000000000e+03
3.595000000000000000e+03
4.096000000000000000e+03
4.088000000000000000e+03
4.132000000000000000e+03
4.175000000000000000e+03
3.995000000000000000e+03
3.692000000000000000e+03
3.514000000000000000e+03
3.948000000000000000e+03
3.895000000000000000e+03
3.896000000000000000e+03
3.965000000000000000e+03
3.667000000000000000e+03
3.916000000000000000e+03
3.674000000000000000e+03
3.688000000000000000e+03
3.822000000000000000e+03
3.871000000000000000e+03
3.759000000000000000e+03
4.026000000000000000e+03
3.831000000000000000e+03
3.912000000000000000e+03
3.738000000000000000e+03
3.959000000000000000e+03
3.743000000000000000e+03
3.968000000000000000e+03
3.893000000000000000e+03
3.633000000000000000e+03
3.491000000000000000e+03
3.456000000000000000e+03
3.865000000000000000e+03
3.402000000000000000e+03
3.702000000000000000e+03
3.575000000000000000e+03
3.483000000000000000e+03
3.713000000000000000e+03
3.851000000000000000e+03
3.625000000000000000e+03
3.671000000000000000e+03
3.696000000000000000e+03
3.766000000000000000e+03
3.665000000000000000e+03
3.443000000000000000e+03
3.411000000000000000e+03
3.632000000000000000e+03
3.590000000000000000e+03
3.465000000000000000e+03
3.734000000000000000e+03
3.642000000000000000e+03
3.600000000000000000e+03
3.575000000000000000e+03
3.510000000000000000e+03
3.607000000000000000e+03
3.737000000000000000e+03
3.498000000000000000e+03
3.811000000000000000e+03
3.512000000000000000e+03
3.368000000000000000e+03
3.413000000000000000e+03
3.464000000000000000e+03
3.549000000000000000e+03
3.488000000000000000e+03
3.641000000000000000e+03
3.522000000000000000e+03
3.527000000000000000e+03
3.597000000000000000e+03
3.495000000000000000e+03
3.648000000000000000e+03
3.496000000000000000e+03
3.511000000000000000e+03
3.500000000000000000e+03
3.542000000000000000e+03
3.622000000000000000e+03
3.423000000000000000e+03
3.476000000000000000e+03
3.589000000000000000e+03
3.632000000000000000e+03
3.550000000000000000e+03
3.516000000000000000e+03
3.582000000000000000e+03
3.449000000000000000e+03
3.583000000000000000e+03
3.608000000000000000e+03
3.358000000000000000e+03
3.545000000000000000e+03
3.491000000000000000e+03
3.485000000000000000e+03
3.607000000000000000e+03
3.417000000000000000e+03
3.389000000000000000e+03
3.433000000000000000e+03
3.423000000000000000e+03
3.375000000000000000e+03
3.367000000000000000e+03
3.344000000000000000e+03
3.455000000000000000e+03
3.394000000000000000e+03
3.357000000000000000e+03
3.406000000000000000e+03
3.402000000000000000e+03
3.390000000000000000e+03
3.355000000000000000e+03
3.339000000000000000e+03
3.540000000000000000e+03
3.375000000000000000e+03
3.452000000000000000e+03
3.317000000000000000e+03
