1.402889999999999964e+04
1.374779999999999927e+04
1.315679999999999927e+04
1.368889999999999964e+04
1.367100000000000000e+04
1.308070000000000073e+04
1.313270000000000073e+04
1.264470000000000073e+04
1.311289999999999964e+04
1.291189999999999964e+04
1.250300000000000000e+04
1.254689999999999964e+04
1.232100000000000000e+04
1.201160000000000036e+04
1.223779999999999927e+04
1.209250000000000000e+04
1.103170000000000073e+04
1.102439999999999964e+04
1.106060000000000036e+04
1.040539999999999964e+04
1.074589999999999964e+04
1.055489999999999964e+04
1.012010000000000036e+04
1.015910000000000036e+04
1.012470000000000073e+04
9.568899999999999636e+03
9.247200000000000728e+03
9.310000000000000000e+03
8.837399999999999636e+03
8.867600000000000364e+03
8.802600000000000364e+03
8.257500000000000000e+03
8.481600000000000364e+03
7.476899999999999636e+03
7.854699999999999818e+03
7.789899999999999636e+03
7.716000000000000000e+03
7.707899999999999636e+03
7.443699999999999818e+03
7.449300000000000182e+03
6.979899999999999636e+03
7.188199999999999818e+03
6.652100000000000364e+03
6.560300000000000182e+03
6.738100000000000364e+03
6.222699999999999818e+03
6.205199999999999818e+03
6.275000000000000000e+03
6.140000000000000000e+03
6.074100000000000364e+03
6.049600000000000364e+03
6.202300000000000182e+03
6.187399999999999636e+03
5.729500000000000000e+03
5.637300000000000182e+03
5.644100000000000364e+03
5.424500000000000000e+03
5.679600000000000364e+03
5.627399999999999636e+03
5.453100000000000364e+03
5.454600000000000364e+03
5.653500000000000000e+03
5.263600000000000364e+03
5.406899999999999636e+03
5.324399999999999636e+03
5.304899999999999636e+03
5.049899999999999636e+03
4.858500000000000000e+03
5.098300000000000182e+03
4.911199999999999818e+03
5.057100000000000364e+03
4.920199999999999818e+03
4.961600000000000364e+03
4.971899999999999636e+03
4.848800000000000182e+03
4.751399999999999636e+03
4.880100000000000364e+03
4.586000000000000000e+03
4.719899999999999636e+03
4.582600000000000364e+03
4.493100000000000364e+03
4.757199999999999818e+03
4.480600000000000364e+03
4.813399999999999636e+03
4.761100000000000364e+03
4.785800000000000182e+03
4.629500000000000000e+03
4.552899999999999636e+03
4.709800000000000182e+03
4.515300000000000182e+03
4.389000000000000000e+03
4.459399999999999636e+03
4.475399999999999636e+03
4.417000000000000000e+03
4.603399999999999636e+03
4.488300000000000182e+03
4.520699999999999818e+03
4.510500000000000000e+03
4.441100000000000364e+03
4.243199999999999818e+03
4.335899999999999636e+03
4.305500000000000000e+03
4.272899999999999636e+03
4.307300000000000182e+03
4.191600000000000364e+03
4.240899999999999636e+03
4.282699999999999818e+03
4.197199999999999818e+03
4.306000000000000000e+03
4.314500000000000000e+03
4.260300000000000182e+03
4.037099999999999909e+03
4.256300000000000182e+03
4.249500000000000000e+03
4.128899999999999636e+03
4.191300000000000182e+03
4.323600000000000364e+03
4.250699999999999818e+03
4.346899999999999636e+03
4.222600000000000364e+03
4.286100000000000364e+03
4.099399999999999636e+03
3.925500000000000000e+03
4.269600000000000364e+03
4.159899999999999636e+03
4.029000000000000000e+03
4.114199999999999818e+03
4.007800000000000182e+03
4.095699999999999818e+03
4.201300000000000182e+03
4.014500000000000000e+03
4.075900000000000091e+03
3.985400000000000091e+03
4.143899999999999636e+03
4.141699999999999818e+03
3.916900000000000091e+03
4.094300000000000182e+03
3.970400000000000091e+03
3.882900000000000091e+03
3.879699999999999818e+03
4.051800000000000182e+03
3.871800000000000182e+03
3.986800000000000182e+03
3.975500000000000000e+03
3.901099999999999909e+03
3.932000000000000000e+03
4.111600000000000364e+03
3.802199999999999818e+03
4.046500000000000000e+03
3.889599999999999909e+03
3.894000000000000000e+03
3.913099999999999909e+03
3.915099999999999909e+03
3.825199999999999818e+03
3.750599999999999909e+03
3.902099999999999909e+03
3.842300000000000182e+03
4.007000000000000000e+03
3.891300000000000182e+03
3.807199999999999818e+03
3.909900000000000091e+03
3.685800000000000182e+03
3.784300000000000182e+03
3.821599999999999909e+03
3.923699999999999818e+03
3.833500000000000000e+03
3.801199999999999818e+03
3.883800000000000182e+03
3.859300000000000182e+03
3.880300000000000182e+03
3.883000000000000000e+03
3.868099999999999909e+03
3.774199999999999818e+03
3.821900000000000091e+03
3.826199999999999818e+03
3.826800000000000182e+03
3.668800000000000182e+03
3.725500000000000000e+03
3.815099999999999909e+03
3.804900000000000091e+03
3.909000000000000000e+03
3.778300000000000182e+03
3.740400000000000091e+03
3.773400000000000091e+03
3.768699999999999818e+03
3.665900000000000091e+03
3.706199999999999818e+03
3.673599999999999909e+03
3.818099999999999909e+03
3.660800000000000182e+03
3.764699999999999818e+03
3.636300000000000182e+03
3.707199999999999818e+03
3.558099999999999909e+03
3.570300000000000182e+03
3.657900000000000091e+03
3.781199999999999818e+03
3.740300000000000182e+03
3.656300000000000182e+03
3.547000000000000000e+03
