2.322370000000000073e+04
2.291979999999999927e+04
2.325400000000000000e+04
2.302500000000000000e+04
2.281350000000000000e+04
2.314279999999999927e+04
2.272520000000000073e+04
2.276979999999999927e+04
2.287850000000000000e+04
2.301940000000000146e+04
2.318950000000000000e+04
2.337679999999999927e+04
2.309240000000000146e+04
2.301500000000000000e+04
2.305659999999999854e+04
2.300040000000000146e+04
2.328790000000000146e+04
2.284740000000000146e+04
2.305609999999999854e+04
2.282790000000000146e+04
2.309220000000000073e+04
2.293609999999999854e+04
2.271209999999999854e+04
2.308179999999999927e+04
2.274409999999999854e+04
2.225300000000000000e+04
2.296029999999999927e+04
2.264190000000000146e+04
2.286100000000000000e+04
2.297979999999999927e+04
2.281090000000000146e+04
2.268540000000000146e+04
2.267009999999999854e+04
2.254750000000000000e+04
2.300709999999999854e+04
2.276270000000000073e+04
2.278129999999999927e+04
2.266770000000000073e+04
2.265520000000000073e+04
2.269470000000000073e+04
2.336320000000000073e+04
2.247090000000000146e+04
2.255790000000000146e+04
2.291079999999999927e+04
2.243279999999999927e+04
2.319359999999999854e+04
2.266140000000000146e+04
2.251729999999999927e+04
2.278620000000000073e+04
2.245779999999999927e+04
2.236420000000000073e+04
2.249800000000000000e+04
2.275550000000000000e+04
2.260770000000000073e+04
2.239200000000000000e+04
2.254720000000000073e+04
2.230250000000000000e+04
2.201029999999999927e+04
2.244200000000000000e+04
2.260000000000000000e+04
2.239659999999999854e+04
2.273620000000000073e+04
2.238450000000000000e+04
2.322270000000000073e+04
2.229379999999999927e+04
2.202140000000000146e+04
2.231329999999999927e+04
2.214770000000000073e+04
2.248929999999999927e+04
2.230370000000000073e+04
2.223590000000000146e+04
2.189559999999999854e+04
2.262579999999999927e+04
2.246479999999999927e+04
2.239390000000000146e+04
2.270729999999999927e+04
2.231890000000000146e+04
2.183920000000000073e+04
2.254120000000000073e+04
2.257390000000000146e+04
2.231850000000000000e+04
2.215450000000000000e+04
2.233500000000000000e+04
2.246620000000000073e+04
2.230620000000000073e+04
2.250700000000000000e+04
2.274400000000000000e+04
2.224379999999999927e+04
2.192329999999999927e+04
2.220079999999999927e+04
2.200600000000000000e+04
2.214100000000000000e+04
2.220009999999999854e+04
2.228570000000000073e+04
2.231790000000000146e+04
2.250650000000000000e+04
2.192970000000000073e+04
2.224859999999999854e+04
2.205529999999999927e+04
2.221529999999999927e+04
2.237709999999999854e+04
2.241350000000000000e+04
2.215500000000000000e+04
2.205340000000000146e+04
2.200890000000000146e+04
2.241170000000000073e+04
2.219659999999999854e+04
2.233729999999999927e+04
2.238609999999999854e+04
2.193159999999999854e+04
2.240759999999999854e+04
2.185759999999999854e+04
2.193129999999999927e+04
2.221459999999999854e+04
2.221620000000000073e+04
2.211829999999999927e+04
2.209620000000000073e+04
2.198679999999999927e+04
2.197209999999999854e+04
2.201920000000000073e+04
2.216409999999999854e+04
2.206829999999999927e+04
2.192900000000000000e+04
2.227390000000000146e+04
2.220629999999999927e+04
2.239659999999999854e+04
2.226940000000000146e+04
2.256800000000000000e+04
2.192270000000000073e+04
2.178709999999999854e+04
2.198270000000000073e+04
2.209929999999999927e+04
2.249509999999999854e+04
2.226150000000000000e+04
2.208920000000000073e+04
2.211650000000000000e+04
2.201570000000000073e+04
2.248229999999999927e+04
2.202550000000000000e+04
2.228300000000000000e+04
2.173270000000000073e+04
2.228020000000000073e+04
2.213129999999999927e+04
2.190040000000000146e+04
2.242940000000000146e+04
2.183450000000000000e+04
2.192179999999999927e+04
2.197829999999999927e+04
2.222809999999999854e+04
2.202400000000000000e+04
2.228459999999999854e+04
2.176220000000000073e+04
2.154700000000000000e+04
2.185420000000000073e+04
2.185879999999999927e+04
2.195859999999999854e+04
2.260720000000000073e+04
2.193550000000000000e+04
2.166350000000000000e+04
2.137709999999999854e+04
2.199109999999999854e+04
2.174340000000000146e+04
2.210970000000000073e+04
2.168429999999999927e+04
2.228970000000000073e+04
2.212909999999999854e+04
2.205950000000000000e+04
2.186709999999999854e+04
2.159070000000000073e+04
2.190600000000000000e+04
2.184529999999999927e+04
2.195720000000000073e+04
2.213020000000000073e+04
2.213309999999999854e+04
2.212070000000000073e+04
2.205040000000000146e+04
2.156500000000000000e+04
2.231450000000000000e+04
2.184920000000000073e+04
2.182129999999999927e+04
2.191670000000000073e+04
2.180150000000000000e+04
2.148790000000000146e+04
2.208650000000000000e+04
2.168450000000000000e+04
2.165500000000000000e+04
2.174450000000000000e+04
2.200359999999999854e+04
2.149970000000000073e+04
2.142370000000000073e+04
2.163390000000000146e+04
2.207579999999999927e+04
2.217159999999999854e+04
2.177179999999999927e+04
2.166729999999999927e+04
2.222809999999999854e+04
2.116700000000000000e+04
2.176440000000000146e+04
2.228100000000000000e+04
2.181629999999999927e+04
