2.143600000000000000e+04
2.184600000000000000e+04
2.264000000000000000e+04
2.190500000000000000e+04
2.158600000000000000e+04
2.194000000000000000e+04
2.175100000000000000e+04
2.172600000000000000e+04
2.162000000000000000e+04
2.166900000000000000e+04
2.214600000000000000e+04
2.235000000000000000e+04
2.249800000000000000e+04
2.185600000000000000e+04
2.179200000000000000e+04
2.202600000000000000e+04
2.206300000000000000e+04
2.215300000000000000e+04
2.173400000000000000e+04
2.156100000000000000e+04
2.213700000000000000e+04
2.190300000000000000e+04
2.134200000000000000e+04
2.089900000000000000e+04
2.105000000000000000e+04
2.116200000000000000e+04
2.140500000000000000e+04
2.193900000000000000e+04
2.128700000000000000e+04
2.106700000000000000e+04
2.184800000000000000e+04
2.187000000000000000e+04
2.175600000000000000e+04
2.129500000000000000e+04
2.130800000000000000e+04
2.121300000000000000e+04
2.129100000000000000e+04
2.140300000000000000e+04
2.156100000000000000e+04
2.162300000000000000e+04
2.200500000000000000e+04
2.107800000000000000e+04
2.093100000000000000e+04
2.184100000000000000e+04
2.154100000000000000e+04
2.199100000000000000e+04
2.142800000000000000e+04
2.092800000000000000e+04
2.162700000000000000e+04
2.130400000000000000e+04
2.165800000000000000e+04
2.090300000000000000e+04
2.223300000000000000e+04
2.100900000000000000e+04
2.127600000000000000e+04
2.085400000000000000e+04
2.102900000000000000e+04
2.056300000000000000e+04
2.091100000000000000e+04
2.111300000000000000e+04
2.148400000000000000e+04
2.183700000000000000e+04
2.074400000000000000e+04
2.189700000000000000e+04
2.070700000000000000e+04
2.050000000000000000e+04
2.129700000000000000e+04
2.026700000000000000e+04
2.160200000000000000e+04
2.147900000000000000e+04
2.122000000000000000e+04
2.035200000000000000e+04
2.088500000000000000e+04
2.121400000000000000e+04
2.119600000000000000e+04
2.182300000000000000e+04
2.133600000000000000e+04
2.055000000000000000e+04
2.141100000000000000e+04
2.128100000000000000e+04
2.146200000000000000e+04
2.019500000000000000e+04
2.121200000000000000e+04
2.120500000000000000e+04
2.059900000000000000e+04
2.173200000000000000e+04
2.207300000000000000e+04
2.147900000000000000e+04
2.040400000000000000e+04
2.103700000000000000e+04
2.074900000000000000e+04
2.098200000000000000e+04
2.168100000000000000e+04
2.134100000000000000e+04
2.104500000000000000e+04
2.052000000000000000e+04
2.080500000000000000e+04
2.118000000000000000e+04
2.095700000000000000e+04
2.075600000000000000e+04
2.112800000000000000e+04
2.159000000000000000e+04
2.091700000000000000e+04
2.112900000000000000e+04
2.008900000000000000e+04
2.080200000000000000e+04
2.106200000000000000e+04
2.139300000000000000e+04
2.149100000000000000e+04
2.124900000000000000e+04
2.111200000000000000e+04
2.010600000000000000e+04
2.006000000000000000e+04
2.087000000000000000e+04
2.077200000000000000e+04
2.048900000000000000e+04
2.107500000000000000e+04
2.076800000000000000e+04
2.087500000000000000e+04
2.106200000000000000e+04
2.067100000000000000e+04
2.043800000000000000e+04
2.092400000000000000e+04
2.091400000000000000e+04
2.133100000000000000e+04
1.956300000000000000e+04
2.143300000000000000e+04
2.172900000000000000e+04
2.066300000000000000e+04
2.098600000000000000e+04
2.067000000000000000e+04
2.056100000000000000e+04
2.136900000000000000e+04
2.138900000000000000e+04
2.079300000000000000e+04
2.059200000000000000e+04
2.125300000000000000e+04
2.121000000000000000e+04
2.126200000000000000e+04
2.088900000000000000e+04
2.074100000000000000e+04
2.075200000000000000e+04
2.099100000000000000e+04
2.077400000000000000e+04
2.077600000000000000e+04
2.066600000000000000e+04
2.057000000000000000e+04
2.124200000000000000e+04
2.082700000000000000e+04
2.122500000000000000e+04
2.126100000000000000e+04
1.982100000000000000e+04
2.008200000000000000e+04
2.011700000000000000e+04
2.047200000000000000e+04
2.111800000000000000e+04
2.163600000000000000e+04
2.070800000000000000e+04
2.070100000000000000e+04
1.954500000000000000e+04
2.114200000000000000e+04
2.047100000000000000e+04
2.126900000000000000e+04
2.081600000000000000e+04
2.115200000000000000e+04
2.076900000000000000e+04
2.027200000000000000e+04
2.084900000000000000e+04
2.013000000000000000e+04
1.991200000000000000e+04
2.079600000000000000e+04
2.124300000000000000e+04
2.113000000000000000e+04
2.082400000000000000e+04
2.073600000000000000e+04
2.076600000000000000e+04
1.996600000000000000e+04
2.100700000000000000e+04
2.023700000000000000e+04
2.112100000000000000e+04
2.093500000000000000e+04
2.092400000000000000e+04
1.994000000000000000e+04
2.089900000000000000e+04
1.927400000000000000e+04
2.036700000000000000e+04
1.989900000000000000e+04
2.100800000000000000e+04
2.004600000000000000e+04
1.998900000000000000e+04
2.011300000000000000e+04
2.109100000000000000e+04
2.168900000000000000e+04
1.986200000000000000e+04
2.095000000000000000e+04
2.131000000000000000e+04
1.988300000000000000e+04
2.087400000000000000e+04
2.029200000000000000e+04
2.098500000000000000e+04
