1.426200000000000000e+04
1.256900000000000000e+04
1.352000000000000000e+04
1.274800000000000000e+04
1.272400000000000000e+04
1.165000000000000000e+04
1.280500000000000000e+04
1.259100000000000000e+04
1.134500000000000000e+04
1.270400000000000000e+04
1.210700000000000000e+04
1.187500000000000000e+04
1.159600000000000000e+04
1.020600000000000000e+04
1.059800000000000000e+04
1.034000000000000000e+04
1.028700000000000000e+04
1.051900000000000000e+04
1.020600000000000000e+04
9.965000000000000000e+03
9.141000000000000000e+03
9.033000000000000000e+03
9.020000000000000000e+03
8.612000000000000000e+03
7.854000000000000000e+03
8.453000000000000000e+03
8.398000000000000000e+03
7.674000000000000000e+03
7.768000000000000000e+03
7.723000000000000000e+03
6.927000000000000000e+03
7.344000000000000000e+03
7.464000000000000000e+03
7.360000000000000000e+03
6.802000000000000000e+03
6.817000000000000000e+03
6.614000000000000000e+03
6.414000000000000000e+03
6.384000000000000000e+03
6.610000000000000000e+03
6.190000000000000000e+03
6.254000000000000000e+03
6.576000000000000000e+03
6.106000000000000000e+03
6.580000000000000000e+03
5.775000000000000000e+03
6.170000000000000000e+03
6.360000000000000000e+03
6.152000000000000000e+03
6.153000000000000000e+03
5.632000000000000000e+03
5.500000000000000000e+03
6.043000000000000000e+03
5.617000000000000000e+03
5.786000000000000000e+03
5.754000000000000000e+03
5.266000000000000000e+03
5.662000000000000000e+03
4.888000000000000000e+03
5.302000000000000000e+03
5.597000000000000000e+03
5.410000000000000000e+03
5.232000000000000000e+03
5.472000000000000000e+03
5.310000000000000000e+03
5.091000000000000000e+03
5.395000000000000000e+03
4.891000000000000000e+03
5.181000000000000000e+03
4.733000000000000000e+03
4.979000000000000000e+03
5.208000000000000000e+03
4.987000000000000000e+03
4.955000000000000000e+03
4.609000000000000000e+03
4.981000000000000000e+03
4.991000000000000000e+03
4.977000000000000000e+03
4.924000000000000000e+03
4.800000000000000000e+03
4.774000000000000000e+03
5.033000000000000000e+03
4.983000000000000000e+03
5.175000000000000000e+03
4.724000000000000000e+03
5.112000000000000000e+03
4.838000000000000000e+03
4.884000000000000000e+03
4.850000000000000000e+03
4.804000000000000000e+03
4.609000000000000000e+03
4.730000000000000000e+03
4.564000000000000000e+03
4.669000000000000000e+03
4.719000000000000000e+03
4.315000000000000000e+03
4.996000000000000000e+03
4.919000000000000000e+03
4.299000000000000000e+03
4.556000000000000000e+03
4.330000000000000000e+03
4.612000000000000000e+03
4.536000000000000000e+03
4.263000000000000000e+03
4.142000000000000000e+03
4.469000000000000000e+03
4.349000000000000000e+03
4.337000000000000000e+03
3.975000000000000000e+03
4.366000000000000000e+03
4.162000000000000000e+03
4.225000000000000000e+03
4.052000000000000000e+03
3.972000000000000000e+03
4.189000000000000000e+03
4.092000000000000000e+03
4.216000000000000000e+03
4.084000000000000000e+03
4.081000000000000000e+03
4.135000000000000000e+03
4.218000000000000000e+03
4.144000000000000000e+03
4.228000000000000000e+03
4.198000000000000000e+03
4.158000000000000000e+03
4.082000000000000000e+03
3.898000000000000000e+03
4.194000000000000000e+03
3.908000000000000000e+03
4.196000000000000000e+03
4.172000000000000000e+03
4.055000000000000000e+03
3.960000000000000000e+03
3.920000000000000000e+03
3.846000000000000000e+03
3.848000000000000000e+03
3.935000000000000000e+03
3.821000000000000000e+03
3.867000000000000000e+03
3.891000000000000000e+03
3.792000000000000000e+03
3.615000000000000000e+03
3.716000000000000000e+03
3.863000000000000000e+03
3.834000000000000000e+03
3.974000000000000000e+03
3.769000000000000000e+03
3.825000000000000000e+03
3.857000000000000000e+03
3.765000000000000000e+03
3.853000000000000000e+03
3.880000000000000000e+03
3.693000000000000000e+03
3.760000000000000000e+03
3.773000000000000000e+03
3.734000000000000000e+03
3.814000000000000000e+03
3.817000000000000000e+03
3.730000000000000000e+03
3.760000000000000000e+03
3.715000000000000000e+03
3.650000000000000000e+03
3.737000000000000000e+03
3.688000000000000000e+03
3.731000000000000000e+03
3.730000000000000000e+03
3.719000000000000000e+03
3.719000000000000000e+03
3.719000000000000000e+03
3.689000000000000000e+03
3.648000000000000000e+03
3.759000000000000000e+03
3.688000000000000000e+03
3.648000000000000000e+03
3.719000000000000000e+03
3.667000000000000000e+03
3.686000000000000000e+03
3.668000000000000000e+03
3.648000000000000000e+03
3.706000000000000000e+03
3.648000000000000000e+03
3.648000000000000000e+03
3.648000000000000000e+03
3.736000000000000000e+03
3.648000000000000000e+03
3.648000000000000000e+03
3.648000000000000000e+03
3.648000000000000000e+03
3.648000000000000000e+03
3.648000000000000000e+03
3.648000000000000000e+03
3.648000000000000000e+03
3.648000000000000000e+03
3.648000000000000000e+03
3.648000000000000000e+03
3.648000000000000000e+03
3.648000000000000000e+03
3.648000000000000000e+03
3.648000000000000000e+03
3.648000000000000000e+03
