1.183300000000000000e+04
1.305700000000000000e+04
1.206800000000000000e+04
1.188600000000000000e+04
1.243700000000000000e+04
1.228900000000000000e+04
1.246700000000000000e+04
1.167000000000000000e+04
1.094900000000000000e+04
1.148200000000000000e+04
1.099900000000000000e+04
1.124900000000000000e+04
1.011600000000000000e+04
1.112000000000000000e+04
1.058600000000000000e+04
9.872000000000000000e+03
1.014900000000000000e+04
9.777000000000000000e+03
9.898000000000000000e+03
1.004300000000000000e+04
9.418000000000000000e+03
8.971000000000000000e+03
9.232000000000000000e+03
8.507000000000000000e+03
8.466000000000000000e+03
9.096000000000000000e+03
8.963000000000000000e+03
8.157000000000000000e+03
8.207000000000000000e+03
8.194000000000000000e+03
7.563000000000000000e+03
7.190000000000000000e+03
7.188000000000000000e+03
7.220000000000000000e+03
7.155000000000000000e+03
6.991000000000000000e+03
7.080000000000000000e+03
6.463000000000000000e+03
6.651000000000000000e+03
6.696000000000000000e+03
6.647000000000000000e+03
5.667000000000000000e+03
6.509000000000000000e+03
5.897000000000000000e+03
6.000000000000000000e+03
5.844000000000000000e+03
5.548000000000000000e+03
5.981000000000000000e+03
5.595000000000000000e+03
5.299000000000000000e+03
4.746000000000000000e+03
4.998000000000000000e+03
5.404000000000000000e+03
5.592000000000000000e+03
4.911000000000000000e+03
5.183000000000000000e+03
5.338000000000000000e+03
4.983000000000000000e+03
5.462000000000000000e+03
4.970000000000000000e+03
4.998000000000000000e+03
5.025000000000000000e+03
5.187000000000000000e+03
4.970000000000000000e+03
4.897000000000000000e+03
5.171000000000000000e+03
4.873000000000000000e+03
5.231000000000000000e+03
4.755000000000000000e+03
4.819000000000000000e+03
4.863000000000000000e+03
4.668000000000000000e+03
4.733000000000000000e+03
4.454000000000000000e+03
5.052000000000000000e+03
4.678000000000000000e+03
4.367000000000000000e+03
4.647000000000000000e+03
4.397000000000000000e+03
4.282000000000000000e+03
4.390000000000000000e+03
4.641000000000000000e+03
4.357000000000000000e+03
4.595000000000000000e+03
4.654000000000000000e+03
4.789000000000000000e+03
4.761000000000000000e+03
4.653000000000000000e+03
4.588000000000000000e+03
4.288000000000000000e+03
4.188000000000000000e+03
4.183000000000000000e+03
4.664000000000000000e+03
4.387000000000000000e+03
4.506000000000000000e+03
4.203000000000000000e+03
4.198000000000000000e+03
4.250000000000000000e+03
4.291000000000000000e+03
4.028000000000000000e+03
4.216000000000000000e+03
4.502000000000000000e+03
4.372000000000000000e+03
4.562000000000000000e+03
4.292000000000000000e+03
4.284000000000000000e+03
4.257000000000000000e+03
4.268000000000000000e+03
4.264000000000000000e+03
4.090000000000000000e+03
4.081000000000000000e+03
4.349000000000000000e+03
4.159000000000000000e+03
4.320000000000000000e+03
4.128000000000000000e+03
4.225000000000000000e+03
4.067000000000000000e+03
4.015000000000000000e+03
4.286000000000000000e+03
3.944000000000000000e+03
4.371000000000000000e+03
4.053000000000000000e+03
4.219000000000000000e+03
3.941000000000000000e+03
4.219000000000000000e+03
3.782000000000000000e+03
4.067000000000000000e+03
4.244000000000000000e+03
3.886000000000000000e+03
4.041000000000000000e+03
4.124000000000000000e+03
4.012000000000000000e+03
4.252000000000000000e+03
3.960000000000000000e+03
4.158000000000000000e+03
4.202000000000000000e+03
4.065000000000000000e+03
4.043000000000000000e+03
4.123000000000000000e+03
3.990000000000000000e+03
3.965000000000000000e+03
4.117000000000000000e+03
4.004000000000000000e+03
4.233000000000000000e+03
4.001000000000000000e+03
3.686000000000000000e+03
3.945000000000000000e+03
3.691000000000000000e+03
3.885000000000000000e+03
3.904000000000000000e+03
4.039000000000000000e+03
4.126000000000000000e+03
3.864000000000000000e+03
3.711000000000000000e+03
4.187000000000000000e+03
3.918000000000000000e+03
3.840000000000000000e+03
3.630000000000000000e+03
3.785000000000000000e+03
3.827000000000000000e+03
3.720000000000000000e+03
3.670000000000000000e+03
3.726000000000000000e+03
3.661000000000000000e+03
3.696000000000000000e+03
3.662000000000000000e+03
3.837000000000000000e+03
3.588000000000000000e+03
3.630000000000000000e+03
3.711000000000000000e+03
3.677000000000000000e+03
3.652000000000000000e+03
3.603000000000000000e+03
3.637000000000000000e+03
3.701000000000000000e+03
3.618000000000000000e+03
3.621000000000000000e+03
3.665000000000000000e+03
3.711000000000000000e+03
3.579000000000000000e+03
3.562000000000000000e+03
3.741000000000000000e+03
3.482000000000000000e+03
3.516000000000000000e+03
3.545000000000000000e+03
3.610000000000000000e+03
3.506000000000000000e+03
3.611000000000000000e+03
3.557000000000000000e+03
3.522000000000000000e+03
3.522000000000000000e+03
3.557000000000000000e+03
3.496000000000000000e+03
3.629000000000000000e+03
3.431000000000000000e+03
3.518000000000000000e+03
3.572000000000000000e+03
3.388000000000000000e+03
3.569000000000000000e+03
3.414000000000000000e+03
