1.504050000000000000e+04
1.438960000000000036e+04
1.457770000000000073e+04
1.398989999999999964e+04
1.428439999999999964e+04
1.388789999999999964e+04
1.407239999999999964e+04
1.377760000000000036e+04
1.293800000000000000e+04
1.353820000000000073e+04
1.328729999999999927e+04
1.284879999999999927e+04
1.289220000000000073e+04
1.203389999999999964e+04
1.197789999999999964e+04
1.148200000000000000e+04
1.157439999999999964e+04
1.108189999999999964e+04
1.116429999999999927e+04
1.106879999999999927e+04
1.024020000000000073e+04
1.027320000000000073e+04
9.972399999999999636e+03
9.706500000000000000e+03
9.815399999999999636e+03
9.677600000000000364e+03
8.994399999999999636e+03
8.987200000000000728e+03
8.534000000000000000e+03
8.630600000000000364e+03
7.815199999999999818e+03
8.247399999999999636e+03
8.111199999999999818e+03
7.944000000000000000e+03
7.830800000000000182e+03
7.602300000000000182e+03
7.595100000000000364e+03
7.207699999999999818e+03
7.346500000000000000e+03
7.630300000000000182e+03
7.214800000000000182e+03
7.007000000000000000e+03
7.085699999999999818e+03
7.103100000000000364e+03
6.878899999999999636e+03
6.761100000000000364e+03
6.692100000000000364e+03
6.737699999999999818e+03
6.793699999999999818e+03
6.749800000000000182e+03
6.252899999999999636e+03
6.323500000000000000e+03
6.421500000000000000e+03
6.354100000000000364e+03
6.140199999999999818e+03
6.380100000000000364e+03
5.921100000000000364e+03
6.421699999999999818e+03
6.136899999999999636e+03
5.832600000000000364e+03
5.986800000000000182e+03
6.114199999999999818e+03
6.160100000000000364e+03
6.041800000000000182e+03
5.967600000000000364e+03
5.571600000000000364e+03
5.885000000000000000e+03
5.966399999999999636e+03
5.869899999999999636e+03
5.759899999999999636e+03
5.625500000000000000e+03
5.621199999999999818e+03
5.631600000000000364e+03
5.691899999999999636e+03
5.564000000000000000e+03
5.470300000000000182e+03
5.519300000000000182e+03
5.746300000000000182e+03
5.373300000000000182e+03
5.237600000000000364e+03
5.275300000000000182e+03
5.515800000000000182e+03
5.528600000000000364e+03
5.502000000000000000e+03
5.360399999999999636e+03
5.338000000000000000e+03
5.490100000000000364e+03
5.400500000000000000e+03
5.155000000000000000e+03
5.419399999999999636e+03
5.019199999999999818e+03
5.281100000000000364e+03
5.251100000000000364e+03
5.208500000000000000e+03
5.373899999999999636e+03
4.996899999999999636e+03
5.363500000000000000e+03
5.195399999999999636e+03
5.039899999999999636e+03
5.032600000000000364e+03
5.014600000000000364e+03
5.034600000000000364e+03
5.034000000000000000e+03
5.189800000000000182e+03
4.977899999999999636e+03
4.881899999999999636e+03
4.880699999999999818e+03
5.032000000000000000e+03
4.673399999999999636e+03
4.864500000000000000e+03
4.667600000000000364e+03
4.670600000000000364e+03
4.567500000000000000e+03
4.724000000000000000e+03
4.905899999999999636e+03
4.656699999999999818e+03
4.690800000000000182e+03
4.523699999999999818e+03
4.687199999999999818e+03
4.472000000000000000e+03
4.610800000000000182e+03
4.614600000000000364e+03
4.633300000000000182e+03
4.588500000000000000e+03
4.637399999999999636e+03
4.569399999999999636e+03
4.357000000000000000e+03
4.533399999999999636e+03
4.412800000000000182e+03
4.473899999999999636e+03
4.578600000000000364e+03
4.510300000000000182e+03
4.338500000000000000e+03
4.446000000000000000e+03
4.352500000000000000e+03
4.323100000000000364e+03
4.306500000000000000e+03
4.119500000000000000e+03
4.228800000000000182e+03
4.287899999999999636e+03
4.239699999999999818e+03
4.227199999999999818e+03
4.197000000000000000e+03
4.212300000000000182e+03
4.159199999999999818e+03
4.225100000000000364e+03
4.183300000000000182e+03
4.227699999999999818e+03
4.143600000000000364e+03
4.000400000000000091e+03
4.095900000000000091e+03
4.159500000000000000e+03
4.038900000000000091e+03
4.191100000000000364e+03
4.109000000000000000e+03
4.109399999999999636e+03
4.132399999999999636e+03
4.074800000000000182e+03
4.013400000000000091e+03
4.009500000000000000e+03
4.004400000000000091e+03
4.089500000000000000e+03
3.982500000000000000e+03
4.029500000000000000e+03
3.965500000000000000e+03
4.045699999999999818e+03
3.962800000000000182e+03
3.987099999999999909e+03
3.955300000000000182e+03
3.996699999999999818e+03
3.988599999999999909e+03
4.054300000000000182e+03
4.004199999999999818e+03
3.951900000000000091e+03
3.952000000000000000e+03
3.900800000000000182e+03
3.927300000000000182e+03
3.949800000000000182e+03
3.865199999999999818e+03
3.890500000000000000e+03
3.919800000000000182e+03
3.883800000000000182e+03
3.901199999999999818e+03
3.989500000000000000e+03
3.918599999999999909e+03
3.793099999999999909e+03
3.728699999999999818e+03
3.885400000000000091e+03
3.878599999999999909e+03
3.752500000000000000e+03
3.798199999999999818e+03
3.783300000000000182e+03
3.724300000000000182e+03
3.767300000000000182e+03
3.731000000000000000e+03
3.691500000000000000e+03
3.682699999999999818e+03
3.826000000000000000e+03
3.663300000000000182e+03
3.818900000000000091e+03
